##FastQC	0.11.5
>>Basic Statistics	pass
#Measure	Value
Filename	ERS519053_1.fastq.gz
File type	Conventional base calls
Encoding	Sanger / Illumina 1.9
Total Sequences	3096052
Sequences flagged as poor quality	0
Sequence length	100
%GC	66
>>END_MODULE
>>Per base sequence quality	pass
#Base	Mean	Median	Lower Quartile	Upper Quartile	10th Percentile	90th Percentile
1	32.41346463173099	33.0	31.0	34.0	31.0	34.0
2	32.604644883225475	34.0	31.0	34.0	31.0	34.0
3	32.6312174343325	34.0	31.0	34.0	31.0	34.0
4	36.16878107990434	37.0	35.0	37.0	35.0	37.0
5	36.03878746222609	37.0	35.0	37.0	35.0	37.0
6	35.98478869217959	37.0	35.0	37.0	35.0	37.0
7	35.96300288238053	37.0	35.0	37.0	35.0	37.0
8	35.93876943927298	37.0	35.0	37.0	35.0	37.0
9	37.63719569309559	39.0	37.0	39.0	35.0	39.0
10-11	37.58918406409195	39.0	37.0	39.0	35.0	39.0
12-13	37.540787913122905	39.0	37.0	39.0	35.0	39.0
14-15	38.82882393448172	40.0	38.0	41.0	35.0	41.0
16-17	38.7272403693478	40.0	38.0	41.0	35.0	41.0
18-19	38.64861733588454	40.0	38.0	41.0	34.5	41.0
20-21	38.51232311343608	40.0	38.0	41.0	34.0	41.0
22-23	38.35911686883812	40.0	38.0	41.0	33.5	41.0
24-25	38.145858661288635	40.0	38.0	41.0	33.0	41.0
26-27	37.8235861348582	40.0	37.0	41.0	32.5	41.0
28-29	37.88750269698313	40.0	37.0	41.0	33.0	41.0
30-31	37.68380925126581	40.0	36.5	41.0	32.5	41.0
32-33	37.32966532861851	39.0	35.5	41.0	32.0	41.0
34-35	36.93350305485825	39.0	35.0	41.0	31.5	41.0
36-37	36.44696261561498	38.0	35.0	40.0	31.0	41.0
38-39	35.970189615678294	37.0	35.0	40.0	30.5	41.0
40-41	35.474061320675496	36.5	34.5	39.5	30.0	41.0
42-43	34.93779481093987	35.0	34.0	39.0	29.0	41.0
44-45	34.41132109538212	35.0	33.0	37.5	28.5	40.0
46-47	33.93568082835818	35.0	33.0	37.0	27.5	39.5
48-49	33.50497924453465	35.0	33.0	35.5	27.0	39.0
50-51	33.11289991253377	35.0	33.0	35.0	26.5	37.5
52-53	32.76338220417486	35.0	33.0	35.0	26.0	37.0
54-55	32.45346896628351	35.0	33.0	35.0	25.0	36.0
56-57	32.17064361322097	35.0	32.5	35.0	24.0	35.0
58-59	32.01442159240219	35.0	32.0	35.0	24.0	35.0
60-61	31.86059051979747	35.0	32.0	35.0	24.5	35.0
62-63	31.69109078271295	34.0	31.5	35.0	23.0	35.0
64-65	31.50450912969162	34.0	31.0	35.0	23.0	35.0
66-67	31.405025981475763	34.0	31.0	35.0	23.0	35.0
68-69	31.299463316507605	34.0	31.0	35.0	23.0	35.0
70-71	31.190457556914417	34.0	31.0	35.0	23.5	35.0
72-73	31.052442271641432	34.0	31.0	35.0	23.0	35.0
74-75	30.931953823772986	34.0	30.0	35.0	23.0	35.0
76-77	29.514657215059696	32.0	28.0	34.0	20.0	35.0
78-79	30.71597844609845	33.0	30.0	35.0	21.5	35.0
80-81	31.120063874896157	34.0	31.0	35.0	23.0	35.0
82-83	31.137491069271448	34.0	31.0	35.0	23.0	35.0
84-85	31.044672699295745	34.0	31.0	35.0	22.5	35.0
86-87	30.97198512815676	34.0	31.0	35.0	20.0	35.0
88-89	30.821970528918765	34.0	30.0	35.0	20.0	35.0
90-91	30.678582433369982	34.0	30.0	35.0	20.0	35.0
92-93	30.57124444292279	34.0	30.0	35.0	20.0	35.0
94-95	30.394382426393356	33.0	29.5	35.0	20.0	35.0
96-97	30.27170134739339	33.0	29.0	35.0	20.0	35.0
98-99	30.13178945314872	33.0	29.0	35.0	19.0	35.0
100	29.498760679730186	33.0	27.0	35.0	17.0	35.0
>>END_MODULE
>>Per sequence quality scores	pass
#Quality	Count
10	2.0
11	19.0
12	90.0
13	438.0
14	1118.0
15	2343.0
16	3832.0
17	5800.0
18	7997.0
19	10639.0
20	13700.0
21	17417.0
22	21860.0
23	27196.0
24	33574.0
25	40832.0
26	48676.0
27	58136.0
28	69223.0
29	82113.0
30	99236.0
31	122113.0
32	154856.0
33	206800.0
34	318625.0
35	631985.0
36	901493.0
37	211994.0
38	3943.0
39	2.0
>>END_MODULE
>>Per base sequence content	pass
#Base	G	A	T	C
1	34.86520898227808	17.77489525369729	17.020805852098093	30.339089911926543
2	31.898275423066135	18.916029143191714	17.303285394670006	31.882410039072145
3	32.27316595457699	17.40141961439924	17.740755000239012	32.584659430784754
4	32.790825218697876	17.704289204444887	17.840430328689568	31.664455248167666
5	33.14289553962059	17.46807219126868	17.57215880218343	31.816873466927305
6	32.773351351979876	17.134692828156634	16.634927320342165	33.45702849952132
7	32.871121027682996	17.469344830125593	17.34757684948444	32.31195729270697
8	32.04778214319398	17.40907452458809	17.379326962208644	33.16381637000929
9	32.736788658588424	16.93298432972056	17.124260186844406	33.20596682484661
10-11	32.72682963697956	17.472506673074886	17.298121719986668	32.502541969958884
12-13	32.77554769751929	17.22781141918805	17.221884516151537	32.77475636714112
14-15	32.71547118717644	17.192395347364968	17.213260629989417	32.87887283546917
16-17	32.70755788339472	17.26813696927571	17.29302350218924	32.73128164514033
18-19	32.97828977032686	17.098840717145578	17.09969664592197	32.823172866605596
20-21	32.8165676803878	17.016897649005898	17.135694103329012	33.030840567277295
22-23	32.86937687093111	17.191878560179223	17.158658833895554	32.78008573499412
24-25	33.03381209359533	17.06986833554475	16.99430435922911	32.90201521163081
26-27	32.90151457404462	16.993044690463854	17.06411907810334	33.04132165738818
28-29	32.93347463156304	17.091169657357177	17.15525126838955	32.82010444269024
30-31	33.14017335626146	16.982741245948066	16.954188753935657	32.92289664385482
32-33	33.0096684422613	16.924667285949976	16.993222336058956	33.07244193572976
34-35	32.92281589585704	17.085484998313984	17.08487131353091	32.90682779229806
36-37	33.19102844525867	16.949763763657717	16.885536806229354	32.97367098485426
38-39	33.029806992905804	16.877300510456543	16.963959261666147	33.128933234971505
40-41	33.03252012563097	17.01056700598052	17.066622266034294	32.89029060235422
42-43	33.23837907115255	16.889186615728676	16.850185332804486	33.02224898031428
44-45	33.0645770807467	16.905449262480087	16.899247816251147	33.13072584052206
46-47	33.05206114109194	16.986326457049174	17.020563608104773	32.941048793754106
48-49	33.23150701656805	16.894835136652368	16.859724841228466	33.01393300555111
50-51	33.05719986090768	16.833821335489812	16.898021519901814	33.2109572837007
52-53	33.07667432729377	16.96658226408682	16.98938969763029	32.96735371098911
54-55	33.239213157483675	16.86663165697654	16.799320654785664	33.09483453075412
56-57	33.05150407375349	16.88115054563568	16.906234458835975	33.161110921774856
58-59	33.08772251700402	16.95717576255206	16.987942389370154	32.96715933107377
60-61	33.25182493481885	16.843021446345535	16.78730071156186	33.11785290727375
62-63	33.093984140902	16.800801595567968	16.848284892026374	33.25692937150366
64-65	33.04295871017263	16.988910296418915	16.950919468490227	33.01721152491823
66-67	33.276334844267026	16.794959025203095	16.811318905092833	33.11738722543704
68-69	33.1155236137906	16.790227292767465	16.868391379857762	33.225857713584176
70-71	33.09836204301478	16.946566142945922	16.917884454137074	33.03718735990223
72-73	33.27083436287064	16.813482723637303	16.773254058153437	33.14242885533862
74-75	33.126036403898915	16.79016305334359	16.785657300514657	33.29814324224284
76-77	33.03693570451436	16.975726673525454	16.922929079377283	33.0644085425829
78-79	33.23737857922244	16.83745062201521	16.77837876256004	33.146792036202314
80-81	33.111554288728726	16.793754049128538	16.821277220521498	33.273414441621235
82-83	33.11060863065894	16.930242804002425	16.907810448697173	33.05133811664147
84-85	33.267792362716456	16.763322639721544	16.762498936049425	33.206386061512575
86-87	33.06925150850451	16.76062284011968	16.790581363311453	33.37954428806436
88-89	33.09902489746516	16.910197343025676	16.848355033324427	33.14242272618473
90-91	33.27852803267707	16.755545584102876	16.69594300248732	33.26998338073273
92-93	33.14777071257144	16.739628571087056	16.758543423882337	33.35405729245916
94-95	33.029883873768725	16.88641892596884	16.882381044829202	33.201316155433226
96-97	33.24766785009951	16.7438759813638	16.695481175373505	33.31297499316319
98-99	33.120219747233165	16.741153831302768	16.743318733170515	33.39530768829355
100	33.13195730328439	16.938074124429452	16.76922326342253	33.16074530886364
>>END_MODULE
>>Per sequence GC content	pass
#GC Content	Count
0	0.0
1	0.0
2	0.0
3	0.0
4	0.0
5	0.0
6	0.0
7	0.0
8	0.0
9	0.0
10	0.0
11	0.0
12	0.0
13	0.0
14	0.0
15	0.0
16	0.0
17	0.0
18	0.0
19	0.0
20	0.0
21	0.0
22	0.0
23	0.0
24	0.5
25	0.5
26	0.0
27	0.5
28	0.5
29	0.0
30	0.5
31	1.5
32	2.0
33	2.0
34	6.0
35	21.5
36	50.5
37	74.0
38	86.0
39	130.5
40	233.5
41	400.0
42	579.5
43	746.5
44	992.5
45	1321.0
46	1705.5
47	2241.0
48	3035.0
49	4220.0
50	5894.5
51	8328.5
52	11569.5
53	15933.5
54	21734.0
55	29845.5
56	40347.5
57	52730.0
58	68525.0
59	88700.5
60	111730.5
61	135777.5
62	158721.0
63	180761.5
64	199213.5
65	210698.5
66	216377.0
67	215280.5
68	206488.0
69	191062.0
70	171402.5
71	148677.5
72	123642.5
73	100124.5
74	79992.0
75	62712.0
76	48498.0
77	37360.0
78	28941.5
79	22425.0
80	17861.5
81	14758.5
82	12027.0
83	9735.0
84	7842.5
85	6139.0
86	4867.0
87	3779.5
88	2850.0
89	2138.5
90	1594.5
91	1144.0
92	780.0
93	506.0
94	309.5
95	184.0
96	100.5
97	58.5
98	24.0
99	7.0
100	0.5
>>END_MODULE
>>Per base N content	pass
#Base	N-Count
1	0.0
2	0.04082618767385044
3	0.0
4	0.0
5	0.017861457107309568
6	0.0
7	0.0
8	0.0
9	0.0
10-11	9.043775750536491E-4
12-13	0.0
14-15	0.0
16-17	0.0
18-19	0.0
20-21	0.0
22-23	0.0
24-25	0.0
26-27	0.0
28-29	0.0
30-31	0.0
32-33	0.0
34-35	0.0
36-37	0.0
38-39	0.0
40-41	0.0
42-43	0.0
44-45	0.0
46-47	0.0
48-49	0.003036124716251536
50-51	0.008607736562564194
52-53	0.01841054349216357
54-55	0.023206974559858814
56-57	0.014292395605758559
58-59	0.005329367852994717
60-61	0.008284744571473606
62-63	0.007315768598201839
64-65	0.01834594509394545
66-67	0.0020509991434252395
68-69	3.2299199109058895E-5
70-71	0.0
72-73	3.2299199109058895E-5
74-75	3.2299199109058895E-4
76-77	0.008623886162118724
78-79	0.021624313803514927
80-81	0.01545516677368468
82-83	0.002503187930952064
84-85	0.008995326951872901
86-87	0.0033914159064511833
88-89	0.008882279754991194
90-91	0.017716110711318803
92-93	0.019411818664544393
94-95	0.011918404471242731
96-97	0.02191500659549646
98-99	0.03951807010993356
100	0.03271908869747666
>>END_MODULE
>>Sequence Length Distribution	pass
#Length	Count
100	3096052.0
>>END_MODULE
>>Sequence Duplication Levels	pass
#Total Deduplicated Percentage	91.18605459257093
#Duplication Level	Percentage of deduplicated	Percentage of total
1	91.22204778033209	83.18178628943475
2	7.974734363659502	14.543691260918138
3	0.7274096324691519	1.9898884337248215
4	0.06769574988054797	0.246916333771707
5	0.007311409441566827	0.03333492902436756
6	8.010642171468101E-4	0.004382753126214247
7	0.0	0.0
8	0.0	0.0
9	0.0	0.0
>10	0.0	0.0
>50	0.0	0.0
>100	0.0	0.0
>500	0.0	0.0
>1k	0.0	0.0
>5k	0.0	0.0
>10k+	0.0	0.0
>>END_MODULE
>>Overrepresented sequences	pass
>>END_MODULE
>>Adapter Content	pass
#Position	Illumina Universal Adapter	Illumina Small RNA 3' Adapter	Illumina Small RNA 5' Adapter	Nextera Transposase Sequence	SOLID Small RNA Adapter
1	3.2299199109058895E-5	6.459839821811779E-5	9.689759732717667E-5	0.0	3.2299199109058895E-5
2	6.459839821811779E-5	6.459839821811779E-5	1.6149599554529445E-4	0.0	3.2299199109058895E-5
3	1.6149599554529445E-4	6.459839821811779E-5	1.6149599554529445E-4	0.0	6.459839821811779E-5
4	1.6149599554529445E-4	6.459839821811779E-5	1.6149599554529445E-4	0.0	1.6149599554529445E-4
5	1.9379519465435334E-4	6.459839821811779E-5	1.9379519465435334E-4	0.0	1.9379519465435334E-4
6	1.9379519465435334E-4	6.459839821811779E-5	2.2609439376341224E-4	0.0	2.5839359287247116E-4
7	2.2609439376341224E-4	6.459839821811779E-5	2.5839359287247116E-4	0.0	3.552911901996478E-4
8	2.9069279198153E-4	6.459839821811779E-5	2.9069279198153E-4	0.0	4.521887875268245E-4
9	3.552911901996478E-4	6.459839821811779E-5	2.9069279198153E-4	0.0	5.167871857449423E-4
10-11	3.552911901996478E-4	6.459839821811779E-5	3.229919910905889E-4	0.0	5.329367852994717E-4
12-13	7.267319799538251E-4	1.1304719688170613E-4	3.552911901996478E-4	0.0	6.298343826266484E-4
14-15	0.0013565663625804735	1.6149599554529445E-4	3.552911901996478E-4	0.0	7.105823803992956E-4
16-17	0.0020186999443161805	1.9379519465435334E-4	3.552911901996478E-4	0.0	8.397791768355312E-4
18-19	0.002099447942088828	1.9379519465435334E-4	3.552911901996478E-4	0.0	9.04377575053649E-4
20-21	0.006863579810675015	1.9379519465435334E-4	3.875903893087067E-4	0.0	9.851255728262963E-4
22-23	0.006944327808447661	1.9379519465435334E-4	3.875903893087067E-4	0.0	0.001082023170153473
24-25	0.006944327808447661	2.099447942088828E-4	4.198895884177656E-4	0.0	0.0012435191656987674
26-27	0.0070089262066657795	2.2609439376341224E-4	5.329367852994716E-4	0.0	0.0013242671634714146
28-29	0.007848705383501312	2.5839359287247116E-4	6.459839821811779E-4	0.0	0.0014696135594621795
30-31	0.008769232558109488	2.5839359287247116E-4	6.782831812902367E-4	0.0	0.0015665111567893563
32-33	0.009366767741627079	2.5839359287247116E-4	6.782831812902367E-4	0.0	0.0016957079532255918
34-35	0.009479814938508784	2.745431924270006E-4	7.105823803992956E-4	0.0	0.0017603063514437097
36-37	0.009592862135390491	3.714407897541772E-4	7.428815795083545E-4	0.0	0.0017926055505527684
38-39	0.009786657330044845	3.875903893087067E-4	7.913303781719428E-4	0.0	0.0018410543492163567
40-41	0.009964302925144667	3.875903893087067E-4	8.074799777264723E-4	0.0	0.0018410543492163567
42-43	0.010174247719353552	3.875903893087067E-4	8.236295772810017E-4	0.0	0.0018733535483254158
44-45	0.010368042914007905	3.875903893087067E-4	8.882279754991195E-4	0.0	0.0019056527474344746
46-47	0.010610286907325846	4.0373998886323616E-4	9.04377575053649E-4	0.0	0.00205099914342524
48-49	0.01111092449351626	4.198895884177656E-4	9.366767741627079E-4	0.0	0.002212495138970534
50-51	0.011579262880597612	4.521887875268245E-4	0.0010174247719353551	0.0	0.0023739911345158284
52-53	0.01220909726322426	4.8448798663588337E-4	0.0010981727697080023	0.0	0.0024708887318430055
54-55	0.012903530044069028	5.006375861904128E-4	0.0010981727697080023	0.0	0.002567786329170182
56-57	0.014017852413331559	5.167871857449423E-4	0.0011789207674806495	0.0	0.0026162351278337702
58-59	0.015067576384375973	5.8138558396306E-4	0.0012596687652532967	0.0	0.002713132725160947
60-61	0.016181898753638506	5.8138558396306E-4	0.0012596687652532967	0.0	0.002826179922042653
62-63	0.01769996111176427	5.8138558396306E-4	0.0013404167630259442	0.0	0.0029069279198153004
64-65	0.018846582680135865	5.8138558396306E-4	0.0013888655616895323	0.0	0.0029553767184788884
66-67	0.020881432224006576	6.13684783072119E-4	0.0014050151612440618	0.0	0.003036124716251536
68-69	0.023190824960304286	6.621335817357072E-4	0.001485763159016709	0.0	0.003149171913133242
70-71	0.02596855608368335	7.267319799538251E-4	0.0015342119576802972	0.0	0.003278368709569477
72-73	0.028423295215971825	7.428815795083545E-4	0.0015826607563438858	0.0	0.0033591167073421246
74-75	0.03166936472643224	7.751807786174134E-4	0.0016957079532255916	0.0	0.00348831350377836
76-77	0.035609867017737426	7.913303781719428E-4	0.0017603063514437097	0.0	0.0036013607006600665
78-79	0.04022865249033285	8.074799777264723E-4	0.0017926055505527684	0.0	0.0037144078975417725
80-81	0.046220153925063276	8.559287763900607E-4	0.0018410543492163567	0.0	0.0037790062957598902
82-83	0.05343902492593794	9.205271746081784E-4	0.0019541015460980632	0.0	0.0038920534926415963
84-85	0.06136847830721189	9.689759732717667E-4	0.0020186999443161805	0.0	0.003940502291305185
86-87	0.07189801721676509	0.0010012751723808256	0.0020348495438707102	0.0	0.004005100689523302
88	0.08139398175482841	0.0010335743714898846	0.0020348495438707102	0.0	0.004005100689523302
>>END_MODULE
>>Kmer Content	fail
#Sequence	Count	PValue	Obs/Exp Max	Max Obs/Exp Position
AATGATA	175	0.0	25.512629	44-45
ATGATAT	225	0.0	18.79878	44-45
TCTCTAA	95	0.004016236	14.8498955	92-93
GAAAAAA	350	6.366463E-11	12.087174	72-73
ATATCTC	420	1.364242E-10	10.631807	48-49
AAAAAAA	625	0.0	10.153391	74-75
TTGAAAA	395	5.997208E-9	10.112859	70-71
CTTGAAA	455	6.0899765E-9	9.295724	70-71
AAGAGCG	1140	4.3655746E-11	9.068487	7
TCAGTAC	495	0.0029211862	8.545107	3
TCGGAAG	1240	2.4920155E-10	8.33837	3
GGAAGAG	1200	1.1496013E-9	8.224798	5
GATATCT	620	1.8302671E-8	7.5807652	46-47
GAATGAT	660	7.363269E-9	7.476364	42-43
TGAAAAA	510	3.1304808E-6	7.3734403	72-73
AGAGCGG	1530	2.3483153E-9	7.064045	8
TCTTCTG	740	8.934876E-9	6.9873304	62-63
ATCGGAA	1550	3.0449883E-9	6.9765015	2
CGGAAGA	1555	3.2814569E-9	6.9515977	4
TATAGCC	385	0.0028439641	6.712928	30-31
>>END_MODULE
